   2.6000000000000001        465.79833333333335       0.97977178775283591     
   2.5796874999999999        463.28708333333333       0.93212557449241029     
   2.5593750000000002        462.12916666666666       0.72771913196703220     
   2.5390625000000000        457.71645833333332        1.0083095368518618     
   2.5187500000000003        454.67874999999998       0.95871745257624497     
   2.4984375000000001        453.90020833333335        1.0577029426516766     
   2.4781249999999999        450.30979166666668        1.2125582836077873     
   2.4578125000000002        447.14312500000000       0.88745538978912186     
   2.4375000000000000        444.04041666666666        1.0616344556723809     
   2.4171875000000003        441.09770833333334        1.6862590558950143     
   2.3968750000000001        439.36666666666667        1.2657205896686348     
   2.3765624999999999        436.75083333333333        1.0270035184223045     
   2.3562500000000002        431.60416666666669       0.82101732286503559     
   2.3359375000000000        428.75083333333333        1.0367627716855294     
   2.3156250000000003        426.32875000000001       0.77259045227369461     
   2.2953125000000001        421.58562499999999       0.82507768731446851     
   2.2749999999999999        420.00208333333336        1.0115522582794172     
   2.2546875000000002        415.57083333333333       0.96762329939758873     
   2.2343750000000000        410.67270833333333       0.77505986109839031     
   2.2140625000000003        408.30750000000000       0.79059770859906164     
   2.1937500000000001        405.23374999999999        1.1460179396744004     
   2.1734374999999999        401.68750000000000        1.1000068392043403     
   2.1531250000000002        398.20916666666665       0.84916311570629710     
   2.1328125000000000        394.12000000000000       0.87279408376133849     
   2.1125000000000003        389.21166666666664        1.0196462728934126     
   2.0921875000000001        385.74812500000002        1.0151464363954372     
   2.0718749999999999        381.10354166666667       0.85554921502236991     
   2.0515625000000002        377.19833333333332        1.2176486884044302     
   2.0312500000000000        373.81583333333333        1.0829108451010554     
   2.0109375000000003        368.95083333333332        1.4805513765054805     
   1.9906250000000001        362.97375000000000       0.90186103025978970     
   1.9703125000000001        358.52541666666667       0.92720378677376047     
   1.9500000000000002        353.78104166666668        1.2266247681795268     
   1.9296875000000000        349.83270833333336        1.0931029766114790     
   1.9093750000000000        343.62187499999999       0.94920549483690986     
   1.8890625000000001        338.52437500000002       0.97557675496217666     
   1.8687500000000001        333.06333333333333       0.82310924351170112     
   1.8484375000000000        327.51937500000003        1.3537419846895082     
   1.8281250000000000        321.90604166666668       0.83701814032500954     
   1.8078125000000000        315.30895833333335       0.86550462301890629     
   1.7875000000000001        309.44541666666669        1.6831732081432202     
   1.7671875000000001        304.02562499999999       0.98915803204099417     
   1.7468750000000000        296.66208333333333        1.1690288338411059     
   1.7265625000000000        289.77270833333336       0.93655134358688352     
   1.7062500000000000        284.03958333333333        1.0038735058344466     
   1.6859375000000001        277.18020833333333        1.0508247802756703     
   1.6656250000000001        268.94479166666667       0.86338617753063029     
   1.6453125000000000        259.77333333333331       0.88308690220831798     
   1.6250000000000000        252.35520833333334        1.5219337129331536     
   1.6046875000000000        244.80791666666667       0.84016350595567524     
   1.5843750000000001        236.11395833333333        1.1420845141452620     
   1.5640625000000001        227.76666666666668        1.0857529490516002     
   1.5437500000000000        218.28354166666668       0.76260092294186321     
   1.5234375000000000        207.76812500000000       0.94161365233019412     
   1.5031250000000000        197.97854166666667        1.2489870143125072     
   1.4828125000000001        188.10249999999999       0.95233017101718465     
   1.4625000000000001        177.02083333333334       0.99079650935659314     
   1.4421875000000000        163.43354166666666       0.91335350589797804     
   1.4218750000000000        152.43770833333335        1.0766949827195653     
   1.4015625000000000        139.14041666666665        1.0797367811726462     
   1.3812500000000001        126.76666666666667        1.1184257927363850     
   1.3609375000000001        112.95375000000000        1.5055938327954999     
   1.3406250000000000        97.206249999999997        1.1913144407444236     
   1.3203125000000000        82.035624999999996        1.4944592927743181     
   1.3000000000000000        65.002916666666664        1.4535640402903303     
   1.2796875000000001        48.703541666666666        1.0552606518783758     
   1.2593750000000001        30.719583333333333        1.6090731303252095     
   1.2390625000000000        10.880000000000001        1.5319326142889640     
   1.2187500000000000       -9.2427083333333329        2.0648210670111706     
   1.1984375000000000       -29.124583333333334        1.4144278265040227     
   1.1781250000000001       -49.290833333333332        1.4017070250463632     
   1.1578125000000001       -71.316458333333330        1.5425515915374817     
   1.1375000000000000       -93.608125000000001        1.2821213782586913     
   1.1171875000000000       -117.35937500000000        2.0066382888358896     
   1.0968750000000000       -140.29666666666665        2.5049308087213666     
   1.0765625000000001       -166.10666666666665        2.5850884201042263     
   1.0562500000000001       -189.06229166666665        1.9088238088763889     
   1.0359375000000000       -212.18437499999999        2.0775533883867441     
   1.0156250000000000       -236.35270833333334        1.8970183910657494     
  0.99531250000000004       -259.19583333333333        1.8408492718489269     
  0.97500000000000009       -280.79770833333333        1.5393322932828615     
  0.95468750000000002       -301.76645833333333        1.5493640954986385     
  0.93437500000000007       -323.17708333333331        1.7230771420205593     
  0.91406250000000000       -347.47208333333333        1.8407468008181345     
  0.89375000000000004       -367.89999999999998        2.0458290232919905     
  0.87343749999999998       -387.81666666666666        1.9627861333782470     
  0.85312500000000002       -407.66041666666666        1.8793643361944830     
  0.83281250000000007       -423.91437500000001        1.9857976472961478     
  0.81250000000000000       -441.48416666666668        2.0487737270675344     
  0.79218750000000004       -458.31479166666668        2.0195237756416509     
  0.77187499999999998       -473.74770833333332        2.0233442698027098     
  0.75156250000000002       -487.85312499999998        1.8697604686348013     
  0.73125000000000007       -502.56770833333331        1.6846912388661899     
  0.71093750000000000       -516.99145833333330        1.3581391039985915     
  0.69062500000000004       -529.17791666666665        1.4506499381503386     
  0.67031249999999998       -541.25187500000004        1.5732226316655422     
  0.65000000000000002       -552.15291666666667        1.4749630851077349     
  0.62968750000000007       -562.40333333333331        1.5314697758947582     
  0.60937500000000000       -572.12645833333329        1.2498819649132225     
  0.58906250000000004       -580.50229166666668        1.5794554622690851     
  0.56874999999999998       -589.73562500000003        1.3916846877991371     
  0.54843750000000002       -597.78520833333334        1.4049855992654865     
  0.52812500000000007       -604.96187499999996        1.4815733282257260     
  0.50781250000000000       -610.95708333333334        1.4986452722074159     
  0.48750000000000004       -617.29208333333338        1.3859516928477276     
  0.46718750000000003       -622.93312500000002        1.5902486184250695     
  0.44687500000000002       -627.47874999999999        1.4912216320917639     
  0.42656250000000001       -632.05187500000000        1.5142979370611531     
  0.40625000000000000       -636.19895833333328        1.4028726882771660     
  0.38593749999999999       -639.88291666666669        1.4399954411941389     
  0.36562500000000003       -643.12145833333329        1.3621181453948432     
  0.34531250000000002       -646.07916666666665        1.3251774072138849     
  0.32500000000000001       -648.82416666666666        1.3532867654138903     
  0.30468750000000000       -651.21729166666671        1.3124709239504340     
  0.28437499999999999       -653.45041666666668        1.3672154428361980     
  0.26406250000000003       -655.45624999999995        1.4127616317838769     
  0.24375000000000002       -657.24937499999999        1.4093846493059070     
  0.22343750000000001       -658.79875000000004        1.3941961999595462     
  0.20312500000000000       -660.31062499999996        1.4719476568526233     
  0.18281250000000002       -661.51041666666663        1.4441799103386934     
  0.16250000000000001       -662.56854166666665        1.4617424983100353     
  0.14218749999999999       -663.51395833333333        1.4833001078910091     
  0.12187500000000001       -664.28791666666666        1.5200652740918554     
  0.10156250000000000       -664.81729166666662        1.5320462734994988     
   8.1250000000000003E-002  -665.20333333333338        1.5256412965506077     
   6.0937500000000006E-002  -665.42916666666667        1.5334090787450372     
   4.0625000000000001E-002  -665.51645833333339        1.5342762188162211     
   2.0312500000000001E-002  -665.53812500000004        1.5321324696363094     
